input: 373.99627989 307.39865899 | output: 111.50000000 -8.00000000
input: 869.61105856 307.48390940 | output: 111.75000000 -8.00000000
input: 869.72923093 805.55413326 | output: 111.75000000 -8.25000000
input: 373.67708951 805.96467904 | output: 111.50000000 -8.25000000
